[gd_scene load_steps=10 format=2]

[ext_resource path="res://Camera.gd" type="Script" id=2]
[ext_resource path="res://estacion_espacial_uv_aplicado.tscn" type="PackedScene" id=3]
[ext_resource path="res://Skybox.tscn" type="PackedScene" id=4]
[ext_resource path="res://Foco_Potente.gd" type="Script" id=5]
[ext_resource path="res://Bombilla_Emergencia.tscn" type="PackedScene" id=6]
[ext_resource path="res://lampara.tscn" type="PackedScene" id=7]
[ext_resource path="res://Luz_Tililar.tres" type="Animation" id=8]
[ext_resource path="res://lampara_emergencia.tscn" type="PackedScene" id=9]
[ext_resource path="res://FPV.gd" type="Script" id=10]

[node name="Spatial" type="Spatial"]

[node name="CameraY" type="Spatial" parent="."]
transform = Transform( 0.707107, 0, 0.707107, 0, 1, 0, -0.707107, 0, 0.707107, 7.9, -18.2, 7.6 )
visible = false
script = ExtResource( 2 )

[node name="CameraX" type="Spatial" parent="CameraY"]

[node name="Camera" type="Camera" parent="CameraY/CameraX"]
transform = Transform( -1, 0, -8.9407e-08, 0, 1, 0, 8.9407e-08, 0, -1, -0.282842, 0, -7.91472 )
far = 200.0

[node name="estacion_espacial_uv_aplicado" parent="." instance=ExtResource( 3 )]
transform = Transform( 2, 0, 0, 0, 2, 0, 0, 0, 2, 0, 6, 0 )

[node name="Skybox" parent="." instance=ExtResource( 4 )]

[node name="Foco_Potente" type="SpotLight" parent="."]
transform = Transform( 1, 0, 0, 0, -4.37114e-08, 1, 0, -1, -4.37114e-08, 8.12, -12.8, 7.81 )
light_energy = 10.0
shadow_enabled = true
spot_range = 17.8
spot_angle = 51.7153
script = ExtResource( 5 )

[node name="AnimationPlayer" type="AnimationPlayer" parent="Foco_Potente"]
anims/Tililar = ExtResource( 8 )

[node name="Luz_Nebulosa" type="DirectionalLight" parent="."]
transform = Transform( 1, 0, 0, 0, 1, 0, 0, 0, 1, 0, 0, 123.4 )
light_energy = 2.0
shadow_enabled = true

[node name="Brillo_Foco" type="OmniLight" parent="."]
transform = Transform( 1, 0, 0, 0, 1, 0, 0, 0, 1, 8.02, -13.1, 7.71 )
light_energy = 10.0
shadow_enabled = true
omni_range = 1.465
omni_attenuation = 0.0358968

[node name="AnimationPlayer" type="AnimationPlayer" parent="Brillo_Foco"]
anims/Luz_Tililar = ExtResource( 8 )

[node name="Foco" parent="." instance=ExtResource( 7 )]
transform = Transform( -0.141421, 0, -0.141421, 0, 0.15, 0, 0.141421, 0, -0.141421, 8.12, -11.9, 7.81 )

[node name="Yaw" type="Spatial" parent="."]
transform = Transform( 0.2, 0, 0, 0, 0.5625, 0, 0, 0, 0.2, -49.7, -6.9, 0 )

[node name="Vista_Avatar" type="Camera" parent="Yaw"]
transform = Transform( -2.18557e-07, 0, -5, 0, 1.77778, 0, 5, 0, -2.18557e-07, 0, 0.533334, 0 )
current = true
script = ExtResource( 10 )

[node name="lampara_emergencia2" parent="." instance=ExtResource( 9 )]
transform = Transform( 0.5, 0.866025, 0, -0.866025, 0.5, 0, 0, 0, 1, -46.8, -3.2, 0 )

[node name="Bombilla_Emergencia2" parent="lampara_emergencia2" instance=ExtResource( 6 )]
transform = Transform( 0.5, -0.866025, 0, 0.866025, 0.5, 0, 0, 0, 1, -0.0133991, -0.223209, 0 )

[node name="lampara_emergencia" parent="." instance=ExtResource( 9 )]
transform = Transform( 0.5, -0.866025, 0, 0.866025, 0.5, 0, 0, 0, 1, 46.7, -3.2, 0 )

[node name="Bombilla_Emergencia" parent="lampara_emergencia" instance=ExtResource( 6 )]
transform = Transform( 0.5, 0.866025, 0, -0.866025, 0.5, 0, 0, 0, 1, 0.013, -0.223, 0 )
light_color = Color( 0.313726, 0, 0, 1 )

[node name="lampara_emergencia3" parent="." instance=ExtResource( 9 )]
transform = Transform( 1, 0, 0, 0, 0.5, 0.866025, 0, -0.866025, 0.5, 0, -3.2, 46.9 )

[node name="Bombilla_Emergencia3" parent="lampara_emergencia3" instance=ExtResource( 6 )]
transform = Transform( 1, 0, 0, 0, 0.5, -0.866025, 0, 0.866025, 0.5, -0.013, -0.223, 0 )

[node name="lampara_emergencia4" parent="." instance=ExtResource( 9 )]
transform = Transform( 1, 0, 0, 0, 0.5, -0.866025, 0, 0.866025, 0.5, 0, -3.2, -46.65 )

[node name="Bombilla_Emergencia4" parent="lampara_emergencia4" instance=ExtResource( 6 )]
transform = Transform( 1, 0, 0, 0, 0.5, 0.866025, 0, -0.866025, 0.5, -0.013, -0.223, 0 )
